PATIENT	pheno1	pheno2	pheno3	pheno4	pheno5	pheno6
HG00096	-0.98	0.14	1.7	-2.6	-0.026	0.83
HG00097	0.29	0.35	-1.4	0.76	-0.61	0.014
HG00099	0.038	-1.3	-3.3	2.5	-0.29	-1.8
HG00100	0.29	-0.39	-0.33	-1.1	0.69	0.34
HG00101	-0.23	1.1	-1.1	-0.78	-0.55	0.33
HG00102	-0.14	 -1	-2.1	1.4	-0.73	-0.96
HG00103	0.23	-0.96	0.55	0.58	1.9	0.42
HG00104	-0.017	-0.17	-0.98	0.32	-1.2	-0.59
HG00106	0.11	-0.24	-0.64	1.7	0.13	0.043
HG00108	-0.16	-0.16	-2.4	0.92	-0.25	-0.44
HG00109	-0.32	-0.46	-0.28	-0.71	-0.47	-0.55
HG00110	-0.27	-0.36	-0.48	-0.27	-0.37	-0.035
HG00111	-0.76	-0.44	-1.1	  2	-0.33	-0.24
HG00112	0.15	-0.42	-1.4	0.52	-0.48	-0.84
HG00113	-0.83	-0.43	-3.2	2.6	-1.1	-0.28
HG00114	-0.12	0.66	0.72	-1.7	-2.5	-1.1
HG00116	-0.73	0.59	-0.64	-0.28	-1.2	0.45
HG00117	-0.37	0.82	0.38	0.55	-0.86	0.35
HG00118	0.49	0.17	0.13	-0.59	-1.3	-1.3
HG00119	0.15	-0.34	-2.7	3.7	-0.3	-0.32
HG00120	-0.38	0.043	-1.2	0.93	-0.17	-0.52
HG00121	0.46	-0.4	-2.7	2.4	-0.12	-1.3
HG00122	0.12	0.5	-0.18	-0.083	-1.1	-0.59
HG00123	0.24	-0.61	1.1	-0.25	1.3	0.11
HG00124	0.51	0.28	-2.9	3.5	0.28	-0.031
HG00125	-0.66	0.73	1.3	-1.1	-1.1	-0.091
HG00126	-0.53	-0.87	-0.49	0.046	0.94	-0.075
HG00127	-0.42	-0.0086	1.3	-1.9	-0.14	0.15
HG00128	  1	-1.4	-1.6	1.4	0.35	-0.32
HG00129	-0.57	0.6	0.89	0.63	1.4	2.2
HG00130	-0.83	-0.45	-1.2	1.7	 -1	-0.89
HG00131	-0.73	1.1	-0.45	-0.89	-1.4	0.77
HG00133	-0.018	 -1	0.6	-0.81	0.6	-0.25
HG00134	-0.44	0.016	-1.7	1.3	-0.13	-0.29
HG00135	0.0029	-0.45	2.2	-1.7	1.2	0.092
HG00136	-0.34	0.89	-1.1	0.42	-1.9	0.23
HG00137	-0.19	0.86	0.73	0.37	-0.3	0.62
HG00138	0.79	0.58	0.9	-1.2	0.15	0.047
HG00139	-0.075	 -1	-1.5	-0.89	-0.61	-1.3
HG00140	-1.1	1.4	-1.1	2.6	-1.6	1.8
HG00141	-0.72	-0.44	0.76	0.72	1.6	  1
HG00142	-0.22	0.024	-0.43	-0.47	-0.65	-1.2
HG00143	-0.042	0.021	-0.43	1.3	-0.23	0.13
HG00146	-0.015	-0.47	-1.4	1.1	-0.55	-0.47
HG00148	-0.56	0.71	2.1	-0.26	0.81	1.2
HG00149	-0.72	-0.36	0.9	-1.5	0.38	0.036
HG00150	-0.88	0.35	2.1	-2.7	-0.056	0.62
HG00151	0.61	-1.5	-0.68	-0.057	0.46	-1.6
HG00152	0.33	-0.48	-2.2	1.1	-0.97	-1.9
HG00154	0.32	-0.13	0.98	-1.2	0.53	-0.44
HG00155	0.36	-0.44	-1.9	1.6	-0.26	-0.7
HG00156	-1.1	1.2	-0.12	1.2	-0.54	0.36
HG00158	-0.45	0.25	0.51	0.54	-0.094	0.84
HG00159	-0.44	0.39	3.4	-1.5	0.7	1.5
HG00160	-0.86	-0.91	-1.1	  3	1.3	0.26
HG00171	0.27	-1.2	-1.2	2.3	0.79	-0.98
HG00173	0.36	0.54	-1.2	1.3	-0.33	-0.31
HG00174	0.092	-1.1	0.37	-1.1	0.68	0.026
HG00176	-0.55	0.58	-0.36	1.2	-0.6	-0.16
HG00177	-0.4	1.5	1.2	-1.1	-0.68	1.3
HG00178	-0.26	0.49	-0.18	0.34	-0.2	0.52
HG00179	0.65	0.4	-0.22	-1.2	-0.74	-0.61
HG00180	-0.94	0.41	-0.35	0.75	0.49	0.52
HG00182	-0.5	0.54	0.57	-0.73	-0.3	1.1
HG00183	0.32	-0.53	1.1	-1.4	-0.022	-0.52
HG00185	-0.89	0.67	-1.1	0.59	-1.1	0.4
HG00186	0.12	  2	1.2	-1.3	0.31	1.2
HG00187	-0.38	0.094	-0.89	0.95	0.1	0.29
HG00188	0.15	-0.25	-0.52	1.1	-0.52	-0.62
HG00189	0.11	0.46	-0.44	0.48	0.4	0.43
HG00190	-0.28	0.74	1.6	-0.46	0.55	0.95
HG00231	-0.25	0.13	-1.7	0.082	-1.3	-0.89
HG00232	-0.49	0.64	0.31	-2.3	-0.34	0.59
HG00233	0.57	-0.76	-0.36	1.7	1.2	-0.79
HG00234	-0.66	-0.71	1.2	0.72	1.6	1.1
HG00235	0.2	-0.88	0.32	-0.65	1.3	0.32
HG00236	0.73	-1.7	0.78	-2.1	1.3	-1.3
HG00237	-0.086	0.3	1.4	0.84	0.57	0.81
HG00238	0.25	-0.47	-0.67	-0.17	-0.77	-0.86
HG00239	-0.34	1.7	-0.88	0.097	-1.1	0.75
HG00240	0.8	0.22	-1.1	0.54	0.14	0.12
HG00242	0.61	 -1	0.3	-0.29	0.91	0.28
HG00243	0.23	0.95	0.21	-0.1	-0.16	0.13
HG00244	0.23	0.087	0.036	-0.47	-1.2	-0.87
HG00245	-0.47	0.71	-1.1	-0.38	-0.76	-0.25
HG00246	-0.092	0.073	-2.8	2.6	-0.36	-0.8
HG00247	-0.22	-0.32	0.51	-0.66	0.68	  1
HG00249	-0.17	0.56	0.28	-0.14	-0.69	-0.15
HG00250	-0.085	-0.48	-0.64	1.5	0.92	0.044
HG00251	0.46	-0.8	0.11	-1.4	0.85	-0.12
HG00252	-0.038	0.52	0.91	0.32	0.023	0.4
HG00253	0.019	0.33	1.8	-1.4	0.37	0.053
HG00254	0.27	-0.46	0.86	1.2	0.88	0.023
HG00255	0.026	0.37	-0.33	2.3	-0.38	0.34
HG00256	-0.0051	0.41	1.5	-2.2	0.61	0.68
HG00257	0.21	-0.21	-2.1	3.1	0.12	-0.44
HG00258	-1.1	0.033	-0.99	0.21	-1.2	0.042
HG00259	0.1	0.49	-0.32	-0.066	-1.7	-0.28
HG00260	-0.36	0.86	-0.56	-1.5	-1.3	0.37
HG00261	0.34	0.34	-1.1	0.44	-0.034	-0.32
HG00262	-0.14	-0.24	0.6	-0.84	  1	0.73
HG00263	-1.6	1.6	-0.073	0.11	-0.3	1.4
HG00264	0.35	0.034	2.8	-2.5	0.88	0.63
HG00265	0.47	-0.42	-0.36	-0.79	-0.13	-1.2
HG00266	-0.36	-0.27	0.83	-0.41	-0.51	-0.77
HG00267	-0.0098	  1	-0.32	-0.11	-1.4	-0.063
HG00268	0.46	-1.2	0.44	-0.63	0.48	-1.1
HG00269	-0.58	0.97	1.5	-0.058	1.2	2.4
HG00270	0.52	-0.64	0.83	0.53	1.6	0.035
HG00271	-1.2	0.72	1.5	-1.3	-0.54	1.1
HG00272	-0.04	-1.1	0.79	-0.077	0.88	0.38
HG00273	-0.71	  1	0.16	0.66	-0.25	0.51
HG00274	-0.53	-0.93	-0.42	-0.38	0.37	-0.024
HG00275	-0.85	0.71	1.2	0.39	-0.58	0.5
HG00276	0.14	-0.34	-0.14	1.4	0.89	0.6
HG00277	0.79	-0.46	2.8	-0.99	-0.26	-0.78
HG00278	0.22	-0.34	-0.47	0.96	0.88	0.9
HG00280	-0.011	-1.1	0.95	0.027	0.82	0.72
HG00281	0.59	-0.56	0.68	-0.22	-0.17	-0.43
HG00282	0.5	-0.33	-3.2	1.3	-0.73	-0.87
HG00284	-0.1	-0.054	-0.053	0.29	0.2	0.24
HG00285	0.43	-1.3	1.2	-0.91	1.3	0.51
HG00306	-0.28	0.085	0.17	1.5	0.46	0.11
HG00309	-0.34	0.41	-0.98	-0.75	-0.48	-0.44
HG00310	-0.23	-0.17	 -3	2.6	-0.23	-0.38
HG00311	1.2	-1.2	-0.62	0.91	1.6	0.51
HG00312	0.8	-1.3	-0.59	0.13	0.31	-0.88
HG00313	-0.3	1.4	1.4	-2.1	-1.5	0.086
HG00315	-0.36	-1.1	-0.027	-1.1	0.24	-1.4
HG00318	-0.59	0.29	0.048	-0.37	0.077	0.81
HG00319	0.52	-0.19	0.95	-0.13	0.72	-0.49
HG00320	-0.12	1.5	-1.1	0.11	-2.6	-1.1
HG00321	0.089	-0.017	-0.32	-0.04	-1.8	-0.37
HG00323	0.47	0.19	0.73	-0.85	-0.1	-0.12
HG00324	0.32	0.95	-0.6	0.24	-0.78	-0.27
HG00325	0.23	-0.089	-0.76	-0.09	-0.38	-0.25
HG00326	0.5	0.55	1.2	-2.8	-1.6	-0.33
HG00327	-0.11	-1.4	-1.5	  1	0.81	0.68
HG00328	0.16	0.66	0.3	-1.2	-1.1	-0.28
HG00329	1.1	-0.3	-1.1	1.7	-0.17	-0.37
HG00330	0.35	0.82	1.4	-0.67	0.079	1.3
HG00331	0.027	0.3	0.52	-0.16	0.4	-0.02
HG00332	0.32	-0.19	0.98	-0.093	0.51	0.12
HG00334	-0.47	0.067	-0.82	  2	-0.63	-0.47
HG00335	-0.16	0.94	-1.8	1.6	-0.18	-0.15
HG00336	0.041	-0.31	-0.21	-0.45	 -1	 -1
HG00337	0.011	0.38	-2.5	3.7	-0.39	-0.14
HG00338	-0.33	0.28	2.7	-1.9	0.19	0.88
HG00339	-0.34	0.65	3.6	-4.5	-0.38	0.76
HG00341	0.5	-0.34	-2.1	2.5	0.036	-0.25
HG00342	 -1	0.83	-0.5	-1.3	 -1	-0.43
HG00343	0.25	0.021	-1.1	1.3	-0.34	0.21
HG00344	1.1	-1.5	0.13	1.8	0.49	-0.69
HG00345	-0.13	-0.56	-2.1	1.4	-0.26	-0.35
HG00346	0.65	-0.48	1.2	0.59	0.93	0.27
HG00349	 -1	0.85	0.2	-1.3	-1.9	-0.37
HG00350	-0.53	-0.3	-0.62	1.1	1.4	-0.46
HG00351	0.97	-0.63	 -3	1.6	-0.56	-1.1
HG00353	0.23	0.29	2.1	-1.9	0.6	0.38
HG00355	0.89	-0.78	-0.85	1.7	1.4	-0.037
HG00356	-0.55	0.75	-0.2	-0.045	-0.64	0.18
HG00357	-0.55	0.73	1.9	-0.89	0.7	1.7
HG00358	-0.39	0.36	-2.1	1.3	-0.84	-0.61
HG00359	0.71	-0.53	0.49	-0.37	0.84	-0.55
HG00360	-0.058	  1	-0.47	-0.41	-1.2	0.55
HG00361	0.075	-0.33	-0.12	-1.6	-0.36	-0.6
HG00362	-0.35	-0.29	-0.67	1.1	0.2	0.38
HG00364	-0.57	0.15	-0.82	-2.1	-0.93	-0.45
HG00366	0.073	0.93	1.4	-0.7	-1.1	-0.047
HG00367	-0.27	-0.31	-0.83	1.1	0.74	-0.32
HG00369	0.042	-0.85	-0.77	0.092	-0.49	-1.1
HG00372	-0.43	-0.54	-0.78	-1.2	-0.056	-0.48
HG00373	0.23	-1.6	-0.83	1.1	0.072	-0.62
HG00375	0.96	-0.89	-0.0038	-0.43	-0.036	-0.94
HG00376	-0.38	-0.1	-0.15	0.47	-0.31	-0.013
HG00377	0.42	0.014	-0.23	-1.3	1.6	0.94
HG00378	-0.33	-0.15	0.15	1.7	0.84	0.93
HG00381	-0.36	-0.96	-0.62	-0.047	0.38	 -1
HG00382	-0.16	0.049	0.55	2.2	0.19	0.47
HG00383	-0.75	0.11	 -1	0.44	-0.63	-0.27
HG00384	-1.2	1.8	-0.49	1.3	-1.7	0.67
HG00403	0.95	-1.3	-0.35	-1.1	0.069	-1.1
HG00404	0.28	-0.79	-0.62	0.43	  1	-0.33
HG00406	0.65	-1.3	-1.6	-0.27	-0.082	-1.8
HG00407	-0.68	0.45	-0.38	0.015	0.067	0.031
HG00418	0.51	-2.5	-0.72	-1.5	1.7	-1.5
HG00419	0.52	-0.75	-0.26	-0.96	-0.078	-0.96
HG00421	-0.67	0.56	0.91	-2.5	-0.95	-0.59
HG00422	0.67	-0.21	1.2	-0.76	-0.91	-0.96
HG00427	-0.54	0.14	-0.58	-1.4	-1.2	-0.58
HG00428	0.66	-0.22	-0.18	1.5	0.092	0.051
HG00436	-0.31	0.15	1.3	-0.36	0.49	0.53
HG00437	-0.48	0.91	3.7	-2.6	0.54	0.99
HG00442	-0.82	0.4	-0.32	-0.47	 -1	0.57
HG00443	-0.43	0.42	-1.1	2.1	0.25	0.46
HG00445	-0.95	0.47	-1.7	1.2	-0.96	-0.68
HG00446	0.12	-0.92	-0.32	1.6	0.78	-0.62
HG00448	-0.23	-0.33	-0.47	0.69	-0.078	0.54
HG00449	-0.088	-0.88	-1.5	0.52	-0.14	 -1
HG00451	-1.1	1.3	-0.38	1.5	0.19	1.8
HG00452	0.23	-0.58	0.44	-1.5	-0.029	-0.41
HG00457	0.3	0.68	0.16	0.6	0.2	0.13
HG00458	0.085	-0.42	0.059	-1.1	-0.00083	-0.073
HG00463	-0.55	1.3	-0.36	0.63	-0.77	1.1
HG00464	 -1	0.28	1.2	-0.15	-0.86	0.43
HG00472	-0.21	-0.53	0.83	-0.55	0.29	-0.58
HG00473	-0.56	0.75	1.6	 -1	0.35	0.4
HG00475	-0.71	1.4	1.2	1.2	-0.83	0.42
HG00476	-0.33	1.5	-0.97	0.36	-1.9	0.19
HG00478	-0.17	-0.31	0.74	-0.83	-0.11	0.62
HG00479	-0.34	0.93	1.7	-1.7	-0.29	0.67
HG00500	0.067	-1.2	-0.75	-0.074	0.46	-0.55
HG00501	-0.25	-0.44	  1	-3.4	-0.015	-0.3
HG00512	-0.57	-0.37	0.34	0.63	0.85	0.65
HG00513	-1.1	0.88	1.1	-1.6	-0.16	0.92
HG00524	0.52	-0.57	0.03	-0.28	-0.017	-0.75
HG00525	-0.72	0.84	0.96	-0.4	0.15	1.1
HG00530	-0.81	0.029	-0.58	1.3	0.014	-0.52
HG00531	-0.41	-0.29	0.7	-0.25	0.31	-0.12
HG00533	0.53	 -2	-0.4	1.2	1.1	-1.1
HG00534	-0.2	0.12	-1.1	0.39	-1.9	-1.4
HG00536	-0.054	-0.02	-0.48	1.9	0.44	0.64
HG00537	-0.49	0.17	0.1	0.084	0.11	0.95
HG00542	-0.21	0.55	-1.6	2.2	-0.72	0.2
HG00543	-0.58	0.068	-3.6	2.1	-1.1	-0.96
HG00553	-0.12	-0.35	0.033	-0.96	0.24	0.31
HG00554	-0.75	0.41	1.7	-1.6	0.3	0.7
HG00556	0.58	-0.34	 -1	1.5	0.62	-0.19
HG00557	0.47	-0.35	0.41	0.56	  1	0.079
HG00559	-0.81	0.048	1.1	  1	1.1	1.3
HG00560	-0.4	-0.33	-0.92	0.88	-0.74	-0.71
HG00565	-0.078	0.26	0.44	0.32	1.7	1.4
HG00566	0.2	 -1	2.1	-2.2	0.49	-0.46
HG00577	0.75	-0.065	-2.4	0.75	-0.09	-0.5
HG00578	-1.6	0.2	-1.2	0.95	-1.8	0.27
HG00580	-0.13	0.54	 -2	1.8	-0.32	0.14
HG00581	-0.74	-0.21	-0.94	-0.29	-0.52	0.31
HG00583	0.62	-1.7	-1.5	0.89	  2	-0.31
HG00584	-2.2	1.6	-0.48	-0.33	-1.6	1.3
HG00589	-1.5	0.51	-0.31	-0.65	-1.1	-0.36
HG00590	-0.16	0.049	0.33	0.8	0.59	0.39
HG00592	0.22	0.9	1.9	0.075	0.98	1.1
HG00593	0.26	-0.97	-1.5	  2	1.2	-0.39
HG00595	0.76	-0.46	-0.086	-0.74	0.53	-0.62
HG00596	-0.21	-0.42	-1.7	0.52	0.13	-0.27
HG00607	0.19	-1.3	-0.92	0.1	 -1	-1.9
HG00608	-0.41	-0.06	-1.4	1.7	-0.63	-0.53
HG00610	0.21	-0.36	-0.86	0.83	0.17	-0.77
HG00611	-0.82	0.016	-1.2	0.77	-0.16	-0.021
HG00613	0.55	0.32	1.7	-0.059	1.1	1.1
HG00614	-0.56	0.7	0.31	-0.27	-0.028	0.83
HG00619	-0.064	0.53	-1.9	0.43	-0.5	0.62
HG00620	-0.92	-0.33	-0.93	1.6	0.36	-0.0056
HG00625	-0.69	-0.7	-1.4	0.52	-0.47	-0.38
HG00626	-0.99	0.47	-1.5	2.9	 -1	0.2
HG00628	0.64	-0.24	0.98	-1.3	0.8	-0.22
HG00629	-0.81	0.0061	-0.74	-0.18	-0.7	-0.92
HG00634	0.6	-0.18	  1	-0.69	0.51	0.62
HG00635	-1.1	0.42	-0.59	-0.19	-0.57	0.099
HG00637	-0.25	-0.34	-1.5	0.63	0.094	-0.17
HG00638	-0.55	1.1	-0.33	1.3	-1.2	0.62
HG00640	-0.47	0.71	-0.19	-1.5	0.14	0.72
HG00641	0.16	0.98	0.91	1.3	1.3	1.6
HG00650	-0.74	0.53	  2	-2.1	-0.48	0.21
HG00651	-0.024	-0.76	-0.55	0.3	0.13	-0.31
HG00653	-0.59	-0.17	1.2	-1.8	0.93	1.1
HG00654	0.67	0.51	0.42	0.29	1.1	0.9
HG00656	-0.083	0.066	-0.7	0.9	-0.33	-0.47
HG00657	-0.18	0.32	-1.8	2.5	-0.22	0.55
HG00662	-0.0012	-0.31	-2.3	3.4	0.2	0.35
HG00663	-0.26	0.45	-0.068	0.6	0.2	1.3
HG00671	-0.74	0.39	-0.14	-1.3	-0.79	0.082
HG00672	0.52	-0.96	 -2	1.2	0.02	-1.6
HG00683	-0.91	0.95	0.82	-2.1	-0.38	0.43
HG00684	-0.99	0.6	-0.12	0.16	-0.57	0.028
HG00689	0.4	-0.9	3.4	-3.6	1.8	0.7
HG00690	0.22	0.8	-0.44	0.24	-0.14	0.038
HG00692	0.048	0.42	1.9	-1.5	0.22	0.64
HG00693	-1.2	0.071	-0.51	0.39	  1	0.97
HG00698	-0.68	0.11	-2.1	-0.08	-0.71	0.34
HG00699	-0.72	-0.066	0.76	-3.6	-0.35	0.0063
HG00701	-0.8	1.3	0.99	-2.2	-1.3	0.62
HG00702	-0.53	1.2	-1.4	1.5	-1.4	0.74
HG00704	-1.2	0.18	-2.4	4.2	-1.7	0.055
HG00705	-0.13	-0.4	-0.83	1.3	-0.87	-0.62
HG00707	0.0062	-1.7	0.81	-2.5	1.2	-0.55
HG00708	0.16	-0.38	0.16	-0.66	0.035	-0.59
HG00731	-1.1	0.48	-0.87	2.3	-0.16	0.61
HG00732	-0.32	0.29	-1.1	-0.63	-1.2	0.098
HG00734	0.39	0.97	0.044	-0.83	-1.2	0.16
HG00736	-0.19	0.6	-1.7	2.1	-0.69	-0.18
HG00737	0.65	-1.3	0.22	0.46	0.93	0.15
HG00740	-0.31	-0.034	-0.58	0.61	0.51	0.92
HG01047	0.4	-1.2	1.4	0.74	  2	  1
HG01048	0.62	-0.77	-0.61	-0.33	0.44	-0.16
HG01051	-0.35	1.1	0.8	0.12	0.67	1.5
HG01052	-0.73	-0.27	-0.76	-0.056	-0.076	0.23
HG01055	-0.17	0.59	-0.86	0.84	-0.28	0.33
HG01060	-0.37	0.83	1.8	 -3	-0.96	0.63
HG01061	0.16	-0.068	-1.7	1.6	0.19	-0.39
HG01066	-0.61	0.83	-2.1	2.2	-0.83	-0.65
HG01067	-0.33	-0.94	-2.3	0.26	-0.28	-0.85
HG01069	-0.067	0.2	-1.7	2.5	-0.96	-0.094
HG01070	-0.93	-0.94	-0.77	-0.84	0.027	-1.1
HG01072	0.44	-1.4	2.2	-3.4	0.84	-0.5
HG01073	0.54	-1.2	0.42	-0.98	-0.051	-0.072
HG01075	-0.16	0.61	2.1	-3.1	0.0003	0.3
HG01079	0.38	0.19	1.7	-1.2	0.36	0.81
HG01080	-0.62	0.36	0.58	-0.31	-0.49	0.62
HG01082	0.25	-0.03	-0.92	2.9	-0.21	0.34
HG01083	-0.49	-0.26	0.026	0.55	0.083	0.1
HG01085	0.54	-0.94	-0.43	  1	0.7	0.15
HG01095	0.16	1.3	2.3	-0.69	-0.72	-0.08
HG01097	-0.74	0.32	1.6	-1.7	-0.42	-0.072
HG01098	-1.1	0.5	0.81	0.27	-0.0042	0.39
HG01101	-0.42	0.25	-0.3	-2.1	-1.4	-0.64
HG01102	0.28	-0.63	-0.3	1.4	0.41	-0.26
HG01104	0.22	-1.8	-0.45	-1.1	0.84	-0.78
HG01105	-0.022	-1.6	1.1	-0.23	2.5	0.21
HG01107	-1.3	0.34	1.9	-1.4	-0.077	1.6
HG01108	-0.35	-0.84	-0.95	-1.2	-0.73	 -1
HG01112	-0.59	-0.88	-0.46	1.5	0.15	-0.7
HG01113	 -1	-0.31	0.22	0.19	-0.28	-0.39
HG01124	1.1	-0.84	1.2	-0.033	1.7	-0.24
HG01125	0.032	-0.11	0.14	1.9	-0.3	0.49
HG01133	-0.79	0.74	0.2	-1.3	0.088	0.006
HG01134	-0.56	-0.31	1.3	0.51	0.73	0.7
HG01136	0.31	0.12	1.4	-0.72	1.3	0.16
HG01137	0.028	-0.018	-2.1	2.4	0.51	0.0028
HG01140	0.34	0.049	1.5	-2.4	-0.31	-0.28
HG01148	0.48	-0.43	1.1	0.03	0.72	0.12
HG01149	0.44	0.13	-1.1	1.4	0.55	0.36
HG01167	-0.022	-0.34	-0.051	0.2	0.3	-0.64
HG01168	0.28	-1.7	-0.4	0.25	1.6	-0.22
HG01170	-0.59	0.7	-1.4	0.63	-1.2	-0.25
HG01171	-0.65	0.58	0.38	-0.97	-0.54	-0.21
HG01173	-0.75	-0.18	1.5	-1.8	-0.44	0.28
HG01174	-0.26	0.7	0.4	0.3	0.21	0.9
HG01176	-0.088	-0.24	-1.9	2.3	-0.18	0.0066
HG01183	0.14	-0.33	-0.0057	1.2	0.16	-0.27
HG01187	 -1	-0.9	0.61	0.49	0.33	-0.44
HG01188	0.54	-1.2	0.39	-0.6	0.061	-1.2
HG01190	-0.17	0.1	0.97	-1.5	-0.54	-0.14
HG01191	-0.34	0.48	-1.6	3.2	-0.36	-0.53
HG01197	-0.085	0.066	1.3	-1.4	0.44	0.32
HG01198	-0.2	0.11	-1.8	1.3	0.6	0.93
HG01204	-0.2	0.063	0.73	-0.51	-0.16	0.19
HG01250	-0.43	-0.31	0.34	-0.45	0.053	0.36
HG01251	-0.18	0.66	1.1	0.11	0.63	0.95
HG01257	0.2	-0.55	1.6	-2.6	0.48	-0.082
HG01259	0.53	-0.26	1.7	 -1	1.1	0.39
HG01271	-0.3	-0.053	-0.073	0.026	0.15	-0.48
HG01272	-0.51	0.26	0.83	-0.018	0.28	0.41
HG01274	-0.83	-0.39	-0.86	-0.47	-0.93	-0.3
HG01275	-0.17	 -1	-2.4	  2	-0.16	-0.54
HG01277	0.39	0.12	0.053	1.6	0.12	0.15
HG01278	-0.037	-0.1	0.064	0.02	-0.59	-0.0059
HG01334	-0.31	0.45	-1.3	-0.48	-1.4	-0.36
HG01342	-0.68	-0.56	-0.84	1.4	0.33	0.87
HG01344	 -1	2.5	1.5	-1.1	 -1	2.3
HG01345	-0.047	0.4	0.44	-1.5	-0.97	-0.29
HG01350	0.57	0.11	-1.2	0.18	-1.1	-0.72
HG01351	-0.49	0.29	0.51	0.24	-0.22	0.32
HG01353	-0.91	0.92	-0.72	0.74	-1.5	0.097
HG01354	-0.71	  1	-0.48	1.5	0.12	1.4
HG01356	0.33	0.081	-0.063	0.83	-0.3	0.48
HG01357	-1.1	-0.45	0.87	0.99	1.5	1.3
HG01359	-0.058	-0.56	-0.72	-0.6	-0.39	0.062
HG01360	0.51	-0.15	0.54	0.32	0.34	-0.36
HG01365	1.5	-0.74	0.17	-1.6	0.63	-1.1
HG01366	 -1	-0.31	-0.49	0.83	-0.035	-0.36
HG01374	-0.57	0.68	  4	-1.1	1.4	1.3
HG01375	-0.36	1.7	-0.63	-2.5	-1.7	0.068
HG01377	-0.24	-0.54	-0.14	0.3	0.77	0.45
HG01378	0.2	-0.19	0.7	0.32	0.08	-0.015
HG01383	0.17	-0.77	-0.49	-0.046	-0.34	-0.083
HG01384	-0.072	0.62	-1.3	0.67	-0.94	-0.98
HG01389	1.1	-0.55	1.6	-2.1	0.92	-0.76
HG01390	0.82	0.15	-1.7	0.72	-0.95	-1.1
HG01437	0.54	-0.16	-1.1	0.13	-0.19	-0.73
HG01440	-0.16	0.3	-3.8	3.7	-0.69	-0.032
HG01441	0.29	-0.37	-0.84	0.37	-0.36	-0.79
HG01455	-0.17	-0.087	  2	-3.4	-0.79	0.53
HG01456	-0.9	1.2	-2.3	0.24	-2.5	-0.75
HG01461	-1.2	1.4	0.54	-0.047	-0.71	1.2
HG01462	-0.69	-0.63	-0.1	0.12	0.47	0.43
HG01465	-0.034	0.0093	0.55	-1.3	0.32	-0.48
HG01488	0.046	0.78	-0.45	0.5	-0.97	-0.055
HG01489	-0.96	1.4	-1.2	1.1	-1.7	0.14
HG01491	-0.35	0.58	1.8	-1.3	0.2	0.12
HG01492	0.6	-0.82	-1.6	-0.33	-0.086	-0.37
HG01494	-0.41	0.88	0.5	-0.13	-0.52	0.37
HG01495	-0.32	0.49	0.41	-1.7	0.94	  1
HG01497	0.63	-1.3	-1.4	1.7	0.71	-0.51
HG01498	-0.27	-0.54	-1.9	1.3	0.34	 -1
HG01515	-0.42	  1	1.4	-0.48	-0.72	0.23
HG01516	0.33	1.2	-0.41	  1	-0.26	1.4
HG01518	0.86	-0.67	-1.1	-0.0077	0.23	-0.5
HG01519	-0.24	1.1	0.26	-2.5	-0.76	0.67
HG01521	0.97	-1.3	1.3	-0.54	-0.11	-0.18
HG01522	-0.0082	 -1	0.44	-1.2	1.4	0.56
HG01550	0.52	 -1	-0.48	  2	0.26	-0.1
HG01551	-0.37	-0.21	-0.18	-0.11	0.74	0.3
HG01617	1.4	-1.7	0.64	-1.5	  2	-0.35
HG01618	-0.57	-0.4	0.82	-0.84	  1	0.29
HG01619	0.16	-0.33	0.82	-0.82	1.2	0.045
HG01620	0.33	-1.3	0.51	0.23	  2	0.88
HG01623	0.2	-0.49	-1.5	1.1	-0.26	-0.24
HG01624	-0.84	0.39	1.8	-1.4	0.4	1.1
HG01625	0.055	-0.54	2.1	-2.4	0.25	-0.007
HG01626	-0.021	1.5	0.28	0.19	-0.85	1.1
NA06984	-0.66	0.47	-0.73	-0.41	-1.2	0.015
NA06986	-0.055	1.2	-0.29	-0.098	-1.7	0.31
NA06989	-0.23	0.24	 -3	2.1	-0.076	-0.19
NA06994	-0.42	1.1	-0.28	2.4	-0.12	0.83
NA07000	-0.59	-1.2	-0.19	0.96	0.87	0.16
NA07037	-0.38	0.012	-1.8	0.69	-1.4	-1.2
NA07048	-0.016	-0.5	0.86	0.29	0.54	-0.73
NA07051	0.94	-1.4	0.94	-1.4	0.4	-1.2
NA07056	-0.51	0.34	-2.1	2.3	-1.1	0.0087
NA07347	-0.041	0.32	-1.9	1.1	-0.46	0.38
NA07357	-0.13	-0.8	-0.72	0.99	0.73	0.14
NA10847	-0.83	0.67	-1.3	1.8	0.65	0.88
NA10851	0.89	-0.39	-1.3	1.1	-0.4	-0.74
NA11829	0.28	-0.78	-0.75	-0.93	0.074	-0.68
NA11830	0.23	-0.2	-0.62	0.83	0.11	-0.37
NA11831	-0.5	0.91	-0.83	0.46	-0.71	0.51
NA11843	-0.87	1.3	-0.66	1.8	-0.85	-0.33
NA11892	-0.32	1.6	-1.8	2.3	-1.8	0.29
NA11893	0.55	-0.1	0.71	0.73	1.5	0.069
NA11894	0.00055	0.65	-0.3	-0.29	0.63	1.5
NA11919	0.61	-0.59	1.3	-2.2	1.6	0.76
NA11920	-0.36	0.11	-0.69	  1	0.86	0.76
NA11930	-0.32	0.74	1.5	-1.3	-0.73	0.47
NA11931	-0.17	-0.47	-0.47	0.11	-0.81	-0.72
NA11932	0.81	-0.7	-0.41	-0.64	1.1	-0.033
NA11933	0.079	-0.16	 -2	2.6	0.032	0.14
NA11992	0.049	-0.2	-1.6	-0.66	-0.51	-0.72
NA11993	-0.15	0.58	1.2	-2.4	-1.2	-0.24
NA11994	-0.082	0.66	1.3	-1.8	0.13	0.78
NA11995	-0.13	-0.058	-0.016	0.63	0.18	0.11
NA12003	0.65	-0.66	2.4	-0.73	1.8	0.43
NA12004	0.43	0.33	0.17	-0.021	0.092	0.82
NA12006	-0.3	0.3	-0.56	-0.64	-0.7	-0.17
NA12043	0.22	-0.32	0.32	-1.3	-0.43	-0.62
NA12044	-0.13	-0.0011	-0.099	0.86	0.88	0.91
NA12045	-0.15	-0.19	1.6	-0.058	0.96	0.019
NA12046	-0.13	0.19	-2.5	  3	-0.16	0.23
NA12058	1.4	-0.87	2.1	-1.8	1.8	0.31
NA12144	-0.5	1.6	-1.2	1.3	-0.86	1.1
NA12154	0.26	-0.28	1.5	-0.85	2.2	0.83
NA12155	-0.99	0.77	-0.4	2.2	-0.69	0.32
NA12249	0.32	0.12	-0.84	1.2	-0.34	-0.28
NA12272	-0.24	-0.49	-0.97	-1.2	-1.7	 -2
NA12273	-0.59	-0.073	-2.2	0.11	-1.6	-1.4
NA12275	0.24	-0.31	2.7	-0.52	2.3	1.4
NA12282	-0.48	0.094	-0.02	2.1	0.57	0.47
NA12283	0.11	-0.79	2.7	-2.8	0.82	-0.27
NA12286	-0.47	0.36	-2.3	2.4	-0.97	-0.12
NA12287	-0.069	-0.23	0.33	-0.42	0.094	-0.27
NA12340	0.55	0.83	0.76	-0.95	0.36	  1
NA12341	0.59	-0.96	-0.18	0.023	0.6	-1.1
NA12342	-0.25	0.2	2.1	-2.1	-0.49	0.039
NA12347	-0.0023	0.15	0.15	-0.77	-1.1	-0.35
NA12348	0.61	-0.85	-0.24	-0.77	0.34	-0.91
NA12383	0.15	-0.45	1.9	-0.19	2.1	  1
NA12399	0.42	-0.4	0.59	-0.64	0.12	-0.18
NA12400	0.53	0.15	0.036	2.5	0.15	0.083
NA12413	0.22	-0.37	-1.2	  1	-0.92	-0.92
NA12489	0.56	-0.85	-0.025	-0.48	0.66	-0.72
NA12546	-0.36	-0.34	0.89	0.7	  1	1.4
NA12716	0.5	-0.69	-0.68	1.3	1.1	0.66
NA12717	0.012	-0.99	0.13	-0.2	  1	-0.017
NA12718	-1.4	-0.1	-0.47	-1.2	-1.6	-0.39
NA12748	0.48	0.64	1.8	-1.9	-0.16	0.1
NA12749	0.0019	-0.3	1.1	0.91	1.1	0.91
NA12750	0.23	-0.18	-0.45	1.2	0.098	0.027
NA12751	0.71	-0.58	0.55	-2.2	0.073	-0.53
NA12761	-0.82	-0.48	-2.3	1.8	-0.44	-0.16
NA12763	-0.24	0.41	0.0094	1.2	-0.65	-0.097
NA12775	0.07	0.047	1.1	-3.1	-1.1	 -1
NA12777	-0.49	 -1	0.78	-2.2	-0.022	-0.7
NA12778	0.94	-0.14	0.32	-0.53	0.53	-0.16
NA12812	1.2	-0.88	0.8	-0.29	1.4	0.92
NA12814	-0.81	1.9	-0.16	-1.1	-2.1	0.51
NA12815	-0.15	-0.5	1.5	-0.43	0.25	0.00042
NA12827	-0.8	-0.93	-0.34	2.4	1.5	1.2
NA12829	0.18	-0.074	-0.7	0.8	-0.3	-0.27
NA12830	0.7	-0.67	0.33	0.018	0.64	-0.22
NA12842	0.33	-0.35	-0.65	0.98	-0.048	0.27
NA12843	0.45	-0.061	0.77	-2.7	-0.79	-0.26
NA12872	0.086	-0.55	-0.076	-0.35	-0.47	-0.02
NA12873	0.33	-0.78	-1.2	1.1	-0.021	 -1
NA12874	0.21	0.27	0.29	-0.56	0.64	-0.041
NA12889	-0.57	0.48	-0.76	1.2	-0.69	-0.015
NA12890	-0.57	-0.55	-0.2	1.7	0.8	0.47
NA18486	0.31	-0.45	1.6	-2.3	1.4	0.34
NA18487	0.58	-0.96	0.17	1.3	  1	0.49
NA18489	-0.6	1.5	-0.79	0.79	-0.63	1.3
NA18498	0.22	0.66	0.95	0.87	1.3	1.2
NA18499	-0.73	0.98	-0.53	1.6	-0.4	0.59
NA18501	0.66	0.43	1.7	-0.5	1.4	  1
NA18502	0.45	 -2	-0.14	-1.1	0.21	-1.5
NA18504	-0.5	0.22	-3.5	3.1	-1.8	-1.1
NA18505	-0.25	0.18	0.79	-0.92	-0.089	0.079
NA18507	0.29	0.16	-2.3	0.47	-1.3	-0.21
NA18508	1.4	-1.2	2.2	-1.8	1.5	-0.54
NA18510	0.089	-0.15	-0.28	-0.34	0.44	-0.54
NA18511	-0.76	1.1	0.55	1.9	0.15	0.84
NA18516	0.056	-0.69	-0.82	-0.057	-0.074	-0.91
NA18517	-0.63	-0.66	-2.5	0.34	-1.8	-2.3
NA18519	0.38	-0.06	1.9	-2.5	0.43	-0.29
NA18520	0.26	0.75	1.3	-1.5	-0.24	0.34
NA18522	0.65	0.38	-0.3	0.37	0.22	-0.1
NA18523	-0.053	-0.36	-1.9	0.85	0.072	-0.35
NA18525	0.74	1.2	-1.3	3.5	-1.1	0.18
NA18526	0.46	0.64	0.13	0.45	-0.34	-0.067
NA18527	0.2	0.069	1.8	-1.5	0.81	-0.22
NA18528	0.53	-0.73	1.1	-0.72	0.67	-0.91
NA18530	-1.7	2.1	 -1	2.3	-0.77	2.4
NA18532	0.3	-1.1	1.6	-1.3	0.72	0.52
NA18534	-0.0021	-0.51	0.2	0.085	0.53	-0.2
NA18535	-0.84	0.69	0.24	0.47	-1.5	0.1
NA18536	-0.51	1.1	-0.83	0.031	-0.78	0.77
NA18537	0.7	-0.26	0.21	-0.76	0.6	-0.4
NA18538	-0.61	0.054	-2.4	2.3	-0.68	-0.37
NA18539	-0.19	-0.39	0.8	-3.8	-0.95	-1.1
NA18541	-0.8	-0.19	-3.1	2.8	-0.43	-0.71
NA18542	-0.24	-2.3	-0.63	-0.097	0.036	-1.4
NA18543	-1.1	1.6	0.58	 -2	-2.5	-0.33
NA18544	0.23	  1	1.7	-0.89	0.22	1.5
NA18545	-0.43	1.1	0.19	-0.21	0.088	0.31
NA18546	0.057	0.14	-0.027	-0.01	0.84	0.22
NA18547	0.48	0.44	-0.95	-1.3	-0.37	-0.054
NA18548	0.22	0.19	2.4	-2.8	-0.033	0.047
NA18549	-0.58	1.1	0.56	1.1	0.37	1.3
NA18550	0.27	0.69	0.16	-0.047	-1.6	-0.57
NA18552	0.026	0.56	0.51	-1.3	0.11	-0.13
NA18553	-0.53	0.063	 -3	1.9	 -1	-0.98
NA18555	0.36	-0.99	-1.3	  1	1.8	-0.77
NA18557	0.53	-1.4	-0.15	1.1	0.89	-0.74
NA18558	0.18	1.4	1.8	0.026	0.47	1.9
NA18559	0.98	-1.2	2.6	-0.78	1.5	0.98
NA18560	-0.0058	-0.046	-0.69	-0.21	-0.55	-0.26
NA18561	-0.72	-0.33	 -2	-0.11	-1.1	-0.98
NA18562	0.068	-1.1	-0.17	-1.7	0.15	-0.19
NA18563	-0.98	-0.019	-1.7	1.6	-0.28	-0.36
NA18564	-0.087	-1.4	-0.57	-1.2	-0.93	-0.65
NA18565	-0.64	0.4	-0.1	2.9	0.4	0.85
NA18566	0.9	-0.33	0.15	-0.43	-0.29	-0.86
NA18567	-0.19	0.5	2.5	 -1	1.4	1.6
NA18570	-0.53	0.31	-1.4	-0.13	-0.48	-0.015
NA18571	-0.81	0.95	0.12	-0.34	-0.78	0.99
NA18572	-0.29	-0.42	0.1	1.7	  1	0.015
NA18573	1.3	0.061	0.96	-1.8	0.18	-0.64
NA18574	0.3	0.75	-0.36	0.77	-0.37	0.1
NA18576	-1.5	0.78	-1.9	2.1	-0.85	0.35
NA18577	0.24	-0.018	 -2	1.9	-0.3	-1.2
NA18579	0.49	  1	-0.12	0.4	-0.12	0.84
NA18582	0.19	-0.1	-0.92	1.2	0.047	-0.12
NA18592	-0.13	-1.3	-0.28	-1.2	-0.28	-1.2
NA18593	0.15	0.61	0.46	2.2	1.1	1.4
NA18595	0.24	-0.099	1.9	-1.9	0.8	0.76
NA18596	0.48	-0.31	0.04	-0.19	-1.2	 -1
NA18597	-0.93	-1.7	0.66	-0.83	  1	-0.03
NA18599	0.34	0.82	-1.2	0.86	-0.93	0.5
NA18602	-0.19	-0.57	-0.88	1.5	0.81	0.51
NA18603	-0.031	-0.51	 -3	2.8	-0.47	-0.87
NA18605	-0.35	-0.28	1.3	-1.5	0.21	-0.061
NA18606	-0.24	-0.22	-0.43	0.33	0.057	0.63
NA18608	-0.5	0.77	0.71	1.2	-1.1	-0.14
NA18609	-0.85	0.64	-3.3	3.5	-1.9	-0.81
NA18610	-0.15	-0.15	-0.15	1.4	  1	0.79
NA18611	-0.75	0.62	-0.00037	-1.1	-0.58	-0.45
NA18612	0.69	-0.77	0.96	 -3	1.3	-0.34
NA18613	-1.7	0.68	-0.15	-0.51	-0.88	0.86
NA18614	0.034	-1.1	0.83	-0.37	1.9	-0.58
NA18615	-1.2	1.2	-0.89	-0.12	-1.7	0.069
NA18616	-0.32	-0.52	2.7	-2.8	1.2	0.35
NA18617	-0.34	1.8	0.98	-2.7	-0.86	0.91
NA18618	0.54	-1.7	-1.7	0.73	1.6	-0.8
NA18619	0.38	-0.65	1.8	0.48	1.1	0.6
NA18620	-0.33	0.14	1.5	 -1	0.88	0.53
NA18621	-0.11	-0.48	0.034	0.21	0.14	-0.19
NA18622	-0.048	0.11	-0.14	-1.1	-1.1	-0.9
NA18623	-1.9	0.81	 -1	1.3	-0.33	1.1
NA18624	0.073	-0.86	0.78	-0.99	0.093	0.097
NA18626	-0.16	-0.12	0.83	-0.26	0.6	0.43
NA18627	-0.45	-1.1	  1	-0.5	0.97	-0.28
NA18628	0.92	-0.86	-0.75	0.59	0.27	-0.77
NA18630	0.097	0.026	-1.1	0.82	-0.37	-0.31
NA18631	-0.76	0.95	-2.3	0.29	-1.7	-0.084
NA18632	-0.32	-0.89	-0.69	-0.15	0.57	-0.44
NA18633	0.61	-0.5	1.3	0.17	1.1	0.13
NA18634	0.58	0.036	-0.53	0.47	0.93	-0.15
NA18635	0.16	0.27	0.054	-0.35	-0.43	-0.28
NA18636	0.46	-0.78	1.6	0.19	0.1	-0.31
NA18637	0.36	-1.7	1.6	-1.3	2.1	0.028
NA18638	-0.7	0.88	-0.52	0.18	-0.85	-0.78
NA18639	0.1	-0.33	-1.4	-1.2	-0.93	-0.95
NA18640	0.15	-0.26	1.2	0.57	1.8	0.24
NA18641	-0.21	-1.9	-1.3	-0.73	-0.32	-1.5
NA18642	-0.56	0.24	 -3	0.55	-1.6	-0.61
NA18643	0.073	-0.52	-0.17	0.49	-0.24	-0.24
NA18645	-0.5	0.12	  1	0.62	0.24	0.36
NA18647	0.49	-1.9	-0.066	-0.22	1.4	-1.2
NA18740	0.026	0.63	-0.58	1.1	0.52	0.46
NA18745	-0.16	-0.6	-0.9	2.2	0.28	-0.27
NA18747	-0.11	-0.89	-2.7	1.2	0.36	-0.2
NA18748	0.45	-0.43	-0.83	-0.48	0.8	-0.12
NA18749	-0.27	-0.41	1.1	-0.43	0.22	0.38
NA18757	1.9	-1.9	2.8	-1.3	1.1	-1.3
NA18853	-0.5	-0.049	-1.4	-0.58	-0.76	-0.37
NA18856	0.14	-0.53	-0.96	1.8	0.54	0.052
NA18858	0.35	-0.3	-0.28	0.9	0.72	0.26
NA18861	0.16	1.1	1.2	-1.2	-0.033	0.14
NA18867	0.33	1.5	-0.0085	-0.32	-0.6	0.57
NA18868	0.21	-1.5	1.3	-0.94	1.8	0.14
NA18870	0.59	-0.78	1.2	0.29	  1	-0.071
NA18871	0.44	-0.16	0.45	-0.25	0.019	 -1
NA18873	-0.61	0.38	-0.28	0.14	-1.3	0.35
NA18874	0.46	-0.26	-0.25	2.1	1.1	0.12
NA18907	-0.23	0.59	-1.8	3.9	-0.11	0.18
NA18908	-0.53	0.69	-1.2	0.37	-1.3	-1.3
NA18909	0.11	-0.67	-0.068	-0.88	0.11	-0.18
NA18910	0.24	-0.48	0.19	1.2	0.55	-0.19
NA18912	-0.56	-0.013	-1.9	0.5	-0.3	0.012
NA18916	0.4	-0.21	-2.9	2.5	-0.86	-1.4
NA18917	-0.68	-0.084	-0.92	0.48	-0.52	-0.082
NA18923	-0.82	1.5	-0.093	1.6	-0.22	1.4
NA18924	-0.25	1.2	0.99	-0.76	-0.62	0.59
NA18933	-1.2	  2	-0.077	0.6	-1.7	  1
NA18934	-0.61	0.41	0.64	-1.4	-1.4	0.24
NA18939	  1	-0.92	1.9	-0.61	0.91	-0.15
NA18940	-0.71	-0.51	-1.8	0.44	 -1	-0.78
NA18941	-0.84	0.3	-1.4	0.071	-0.38	0.26
NA18942	-0.51	-0.066	0.52	-0.41	0.094	0.74
NA18943	-0.27	1.1	-0.98	2.7	0.00038	0.75
NA18944	0.67	-0.01	-1.2	1.2	-0.76	-0.58
NA18945	0.16	0.14	-0.063	2.2	0.89	0.42
NA18946	0.46	-0.61	-0.93	-0.34	-0.13	0.0016
NA18947	0.47	-1.9	1.2	 -1	1.5	-1.1
NA18948	-0.67	0.18	0.23	0.14	-0.089	0.4
NA18949	-0.8	0.48	1.1	-0.065	-0.55	-0.18
NA18950	-1.4	-0.12	1.1	-1.8	0.51	-0.43
NA18951	-0.053	-0.84	1.8	-1.8	-0.064	0.46
NA18952	0.18	-0.005	-0.032	1.5	0.054	0.22
NA18953	1.7	-1.9	  2	0.11	2.3	 -1
NA18954	-0.52	0.22	0.63	1.2	-0.065	0.65
NA18956	-0.002	1.2	-0.75	0.42	 -1	-0.58
NA18957	-0.74	0.65	-0.66	0.39	-0.14	  1
NA18959	1.3	-1.6	-0.91	-0.059	0.82	-0.84
NA18960	0.73	0.029	0.39	0.21	0.84	0.19
NA18961	-0.57	0.49	0.21	-0.97	-0.75	-0.0075
NA18962	-0.091	1.7	0.65	1.2	0.084	0.93
NA18963	-0.13	-0.21	0.75	-3.1	-0.039	-0.27
NA18964	-0.67	  1	 -1	0.38	-1.3	0.33
NA18965	0.59	-0.92	-0.39	0.72	-0.41	-0.72
NA18966	0.81	-1.3	1.2	-0.54	1.1	-0.14
NA18968	0.24	0.77	0.12	-1.5	-2.4	-1.4
NA18971	0.013	0.98	0.4	  1	1.3	1.4
NA18973	-0.0079	0.24	1.9	-0.52	1.6	1.3
NA18974	0.13	0.62	0.14	-0.98	-0.5	-0.36
NA18975	-0.6	0.14	0.086	0.53	-0.16	0.16
NA18976	-0.023	0.48	 -1	3.2	0.22	0.28
NA18977	-0.72	-0.12	-0.83	0.39	0.76	0.82
NA18978	0.44	-0.73	0.024	1.2	0.64	0.043
NA18980	-0.084	0.27	1.5	-1.4	0.34	0.97
NA18981	-0.27	-0.29	0.45	1.8	1.5	0.55
NA18982	0.71	0.033	0.14	0.87	0.55	0.47
NA18983	-0.67	0.96	0.13	0.7	-0.36	1.3
NA18984	-0.045	-0.33	0.77	-3.1	-0.31	0.034
NA18985	1.3	-1.1	-1.8	3.7	1.4	-0.84
NA18986	0.022	-1.1	2.1	-1.5	1.3	-0.013
NA18987	-1.2	0.16	  1	-1.3	-0.6	0.83
NA18988	-0.29	0.91	1.2	-0.41	0.13	0.58
NA18989	0.47	-0.43	0.16	0.14	-0.44	-0.74
NA18990	-0.77	0.34	0.4	-0.4	0.42	0.81
NA18992	0.38	-0.15	-0.06	-1.7	0.0049	-0.085
NA18994	-0.55	-0.49	-1.2	1.1	-0.34	-0.26
NA18995	-0.015	-0.31	-0.01	0.97	1.3	0.37
NA18998	-0.15	-0.037	1.5	0.85	0.55	1.2
NA18999	0.23	-0.58	-0.76	  1	 -1	-0.84
NA19000	-0.26	0.48	-0.13	0.86	0.29	0.47
NA19002	-0.3	0.62	1.7	-1.6	1.3	0.71
NA19003	0.95	 -1	-0.14	-1.6	0.24	-1.7
NA19004	-0.12	0.56	-0.82	0.27	-0.15	-0.036
NA19005	-0.19	0.63	-0.0069	-0.67	0.69	0.098
NA19007	-0.41	0.23	-0.24	1.7	-0.024	0.13
NA19009	0.38	0.13	2.4	 -3	-0.6	0.21
NA19010	-0.29	0.13	0.33	-1.1	-0.69	0.002
NA19012	 -1	0.63	-0.78	0.17	0.12	-0.49
NA19020	0.35	0.4	0.064	-0.54	-0.052	-0.23
NA19028	-0.24	0.18	  1	-0.59	0.65	0.12
NA19035	0.56	-0.38	1.4	-0.54	0.82	0.28
NA19036	0.83	-0.37	0.95	-1.1	0.84	-0.55
NA19038	0.18	0.6	1.6	0.071	0.97	1.6
NA19041	-0.94	1.7	0.65	1.4	-0.67	1.2
NA19044	0.72	0.17	1.4	-0.44	0.033	-0.28
NA19046	-0.38	0.031	0.14	1.3	1.1	0.81
NA19054	-0.042	0.25	3.5	-1.3	0.61	1.3
NA19055	0.38	-0.91	-1.7	0.22	-0.19	-0.8
NA19056	0.27	-0.25	-2.1	2.4	0.2	-0.62
NA19057	0.53	-0.23	-1.4	2.6	0.51	-0.74
NA19058	-0.59	0.34	-1.2	1.2	-1.7	-1.2
NA19059	-0.087	0.59	1.3	-0.24	-0.31	0.26
NA19060	-0.35	0.59	-0.046	0.7	-1.2	-0.049
NA19062	-1.1	0.92	2.3	 -4	0.0097	0.71
NA19063	0.31	-1.5	 -1	1.8	1.3	0.0068
NA19064	0.017	-0.67	0.76	-1.7	-0.78	-0.53
NA19065	1.1	-2.3	-1.6	-1.3	0.18	-1.9
NA19066	-0.43	0.29	-0.56	2.3	-0.45	-0.8
NA19067	0.0078	-0.14	-2.6	0.98	-1.1	-0.97
NA19068	0.14	-0.98	-0.63	2.7	1.3	0.34
NA19070	-0.34	1.2	-1.6	0.48	-1.7	-0.55
NA19072	0.39	-0.04	1.4	-0.62	1.2	-0.2
NA19074	0.94	-1.7	2.8	-2.8	1.9	0.038
NA19075	-0.028	0.61	1.9	-3.3	-0.087	0.6
NA19076	-0.32	-0.083	1.7	-0.54	0.86	0.26
NA19077	-0.58	0.18	-0.34	-0.067	 -1	0.32
NA19078	-1.7	2.1	-0.68	1.1	-1.8	1.6
NA19079	-0.61	-0.16	-1.5	0.27	0.11	-0.18
NA19080	-0.022	0.15	0.96	-1.1	0.13	-0.22
NA19081	-0.04	0.41	0.49	0.99	0.58	0.98
NA19082	-0.74	-0.25	0.94	-0.072	1.5	1.1
NA19083	0.031	-0.75	-0.65	0.86	0.86	-0.52
NA19084	-0.16	0.14	0.88	-2.2	-1.1	-0.22
NA19085	0.41	-1.2	0.67	-0.45	1.1	-0.38
NA19087	0.018	-1.5	-1.5	0.77	0.93	-0.72
NA19088	-0.39	0.45	 -2	0.47	0.25	0.28
NA19093	0.99	-0.98	-0.69	0.23	0.74	-0.37
NA19095	0.39	-0.23	-0.72	1.1	1.1	-0.5
NA19096	0.29	-0.14	0.32	1.4	0.49	-0.011
NA19098	0.13	0.43	-0.57	0.85	-0.48	-0.14
NA19099	0.099	-0.069	1.4	-2.2	0.21	-0.0094
NA19102	0.34	-0.81	-1.4	1.5	0.23	-0.75
NA19107	0.15	-1.4	-0.92	-0.77	0.87	-0.41
NA19108	 -1	-0.034	-1.2	0.21	-0.12	0.27
NA19113	-0.24	-0.46	 -1	1.1	0.26	0.15
NA19114	-0.45	0.24	1.6	 -2	0.59	0.67
NA19116	-1.1	0.98	-0.56	-0.6	-1.5	-0.27
NA19117	 -1	1.8	1.6	-1.9	-0.54	1.7
NA19118	-0.46	-0.21	3.1	 -1	1.5	0.71
NA19119	1.1	-0.79	0.83	-0.6	0.94	-0.75
NA19121	0.13	-1.1	1.2	-0.93	0.64	-0.34
NA19129	-0.53	0.14	-0.81	1.6	-0.19	0.3
NA19130	0.16	-1.5	-0.35	0.83	0.67	-0.84
NA19131	-0.99	1.7	-0.68	-0.13	-1.7	0.45
NA19137	0.065	0.23	1.1	-3.1	-0.89	-0.74
NA19138	0.47	-0.5	0.24	-0.7	0.76	-0.14
NA19146	0.45	-0.25	0.34	-0.31	-0.53	-0.44
NA19147	0.29	-0.95	0.66	1.9	1.4	0.31
NA19149	0.042	1.2	0.54	 -2	-0.03	  1
NA19150	0.13	-0.84	1.3	0.4	0.67	0.32
NA19152	0.042	-0.59	-0.21	-2.2	-0.63	-0.73
NA19160	-0.34	0.32	1.6	-0.11	0.86	1.7
NA19171	-0.56	1.1	1.7	-0.05	0.82	  2
NA19172	-0.74	0.83	1.1	-0.5	0.14	1.1
NA19175	0.77	-1.8	-0.057	0.84	0.74	-0.47
NA19185	0.61	-0.58	0.54	-0.95	0.88	0.43
NA19189	0.13	-0.074	-1.2	-0.48	-1.2	-0.9
NA19190	0.13	-0.82	0.59	-0.65	0.57	-0.4
NA19197	-0.032	0.98	0.23	-0.34	-0.42	0.8
NA19198	-0.9	-0.14	-2.5	1.4	-0.66	-0.51
NA19200	0.58	0.27	3.5	-1.7	0.78	1.5
NA19204	-0.045	0.17	0.71	0.012	0.072	0.054
NA19207	0.39	0.22	-1.9	0.12	-0.24	-1.1
NA19209	0.19	1.5	-1.2	-1.5	-2.2	-0.67
NA19213	-0.13	-0.72	0.49	-2.1	0.086	-0.21
NA19222	0.053	-0.5	0.66	-0.78	-0.5	-0.38
NA19223	0.59	-0.097	 -1	1.4	0.31	0.79
NA19225	-0.88	0.73	-1.1	-0.82	-1.1	0.91
NA19235	0.77	-2.1	1.8	-2.2	1.5	-0.58
NA19236	0.37	0.57	-1.4	0.5	-0.73	0.21
NA19247	-0.47	1.1	-1.8	  1	-0.5	0.77
NA19248	0.17	-0.54	  1	0.16	0.57	1.2
NA19256	0.97	-1.1	0.42	1.8	2.1	0.76
NA19257	-0.47	-0.44	 -1	0.38	0.44	-0.23
NA19307	0.66	-1.4	0.47	 -2	0.54	-0.39
NA19308	0.45	-1.5	0.87	-2.2	0.39	-1.3
NA19309	0.78	-0.26	-1.7	1.6	0.19	-1.1
NA19310	-0.53	-0.22	0.027	1.1	0.52	0.98
NA19311	0.12	0.75	0.36	-0.67	0.42	0.95
NA19312	0.23	0.13	-0.9	0.74	-0.6	-0.93
NA19313	0.071	-1.9	  1	-0.41	1.9	-0.68
NA19315	-0.0085	  1	1.2	0.84	-0.41	0.76
NA19316	-0.13	-0.94	0.22	0.78	0.54	-0.0052
NA19317	1.3	-1.1	1.6	-1.3	0.97	-0.44
NA19318	-0.33	0.57	-1.1	1.5	-0.88	-0.14
NA19319	-0.72	0.68	-0.39	0.087	0.79	1.1
NA19321	1.1	-1.5	-1.1	2.5	1.6	0.65
NA19324	-0.55	0.59	-0.9	-0.32	-0.6	0.14
NA19327	0.66	0.12	-1.5	0.64	-0.32	-0.27
NA19328	-0.65	1.7	1.4	0.6	-0.28	1.4
NA19331	0.43	-0.52	2.6	-1.3	0.86	0.24
NA19332	-0.79	1.5	0.96	0.75	0.082	2.2
NA19334	-0.017	0.26	0.027	0.17	-0.074	0.0032
NA19338	-0.12	-0.28	-1.4	0.56	-0.58	-0.85
NA19346	0.67	-0.42	0.4	0.82	1.8	0.36
NA19347	-0.27	-0.31	-0.8	1.6	0.00073	-0.096
NA19350	-0.39	-0.98	-0.15	-0.85	0.33	-1.1
NA19351	0.45	0.37	0.32	-1.3	-1.3	0.5
NA19352	0.79	-0.56	-1.2	0.78	0.0014	-0.77
NA19355	0.35	-0.24	-1.1	-0.36	-1.3	 -1
NA19359	1.5	-0.72	0.028	0.35	1.1	0.49
NA19360	-0.055	0.085	-0.97	0.95	0.46	0.063
NA19371	0.93	0.088	2.8	 -2	0.43	0.3
NA19372	0.46	-0.61	1.6	-1.6	0.67	0.34
NA19373	-0.63	1.2	0.88	-0.35	-0.26	1.1
NA19374	-0.81	-0.75	0.35	0.0059	-0.0074	-0.37
NA19375	0.014	1.3	-0.83	0.046	-1.9	-0.14
NA19376	0.99	-1.3	-1.3	0.52	0.24	-0.73
NA19377	-0.36	-0.45	-0.55	-1.1	-0.93	-0.82
NA19379	-0.21	0.75	-0.53	0.97	-0.76	0.28
NA19380	-0.011	0.052	0.73	0.53	-0.36	0.77
NA19381	-0.78	-0.82	0.8	-0.62	  1	0.76
NA19382	-0.53	0.37	0.45	-0.88	-1.1	0.18
NA19383	0.064	0.078	-0.45	-0.0079	-0.29	-0.84
NA19384	-0.042	-0.64	-0.53	  2	0.92	0.52
NA19385	-0.67	-0.26	1.1	-1.6	0.33	-0.36
NA19390	0.35	-1.3	-0.091	0.75	1.3	-0.4
NA19391	-0.56	-1.2	-0.76	-1.3	-0.65	-0.89
NA19393	0.29	-0.79	0.84	0.84	0.62	0.18
NA19394	0.65	-0.7	1.6	0.45	1.4	0.21
NA19395	-0.93	0.58	-0.82	1.6	-1.3	-0.71
NA19396	-0.36	1.8	2.4	0.0097	-0.18	1.9
NA19397	0.12	-0.31	0.28	-0.81	-0.22	-0.55
NA19398	-1.3	0.45	-0.54	0.64	0.12	1.6
NA19399	-0.48	1.3	0.24	-0.054	0.61	1.1
NA19401	0.12	0.53	-0.39	-1.7	-1.3	-0.66
NA19403	0.0059	-0.53	1.7	0.16	1.1	0.21
NA19404	0.4	-0.61	0.15	-0.0025	0.14	-0.62
NA19428	-0.22	0.71	1.2	 -3	-0.036	0.83
NA19429	-0.17	-0.36	-1.7	1.2	-0.24	-1.2
NA19430	0.49	0.38	-1.6	1.9	-0.68	-0.073
NA19431	0.55	-0.53	-1.6	-0.11	-0.98	-0.94
NA19434	0.13	-1.3	0.67	0.24	0.14	-0.88
NA19435	-0.0034	-0.71	-0.66	-0.04	0.6	-0.85
NA19436	0.63	-1.3	  1	-1.6	0.75	-0.77
NA19437	-0.51	1.5	1.7	-0.79	-0.44	0.74
NA19438	0.21	-0.13	0.42	-0.38	0.56	0.69
NA19439	0.68	-0.11	-0.4	0.23	0.94	-0.56
NA19440	-0.88	0.19	-2.3	1.9	-1.3	-0.21
NA19443	0.47	-0.35	1.8	-0.79	0.88	0.97
NA19444	-0.43	0.48	  2	 -2	-0.12	0.13
NA19445	-0.78	0.54	0.15	-0.22	-0.63	0.67
NA19446	0.39	-0.074	-0.29	0.68	-0.92	-0.66
NA19448	0.41	-0.95	-1.2	-0.37	-0.78	-1.2
NA19449	0.74	-1.5	-0.86	-1.3	-0.76	-1.7
NA19451	-0.31	0.13	-1.9	0.81	-0.64	0.11
NA19452	0.11	-0.25	-0.39	0.54	0.7	-0.14
NA19453	1.1	-0.84	-0.27	-0.55	0.18	-1.3
NA19455	-0.4	0.37	-1.9	-0.47	-1.1	-1.1
NA19456	-0.22	 -1	-0.31	1.9	1.7	-0.19
NA19457	-1.9	1.1	-1.1	1.3	-1.2	0.62
NA19461	-0.12	0.57	0.59	2.1	0.67	0.58
NA19462	-0.53	0.83	-0.49	1.3	-0.21	1.4
NA19463	-0.23	-0.19	1.5	-1.5	-0.051	0.43
NA19466	0.22	-0.19	0.28	-0.025	0.92	0.23
NA19467	-0.38	0.67	0.43	-0.25	0.86	0.96
NA19468	-0.64	  1	0.06	-0.92	-1.1	-0.36
NA19469	  1	-1.1	0.98	-1.5	0.37	-0.98
NA19470	-0.91	1.9	-2.1	1.2	-0.18	1.9
NA19471	0.25	-0.97	0.6	-0.55	0.28	-0.067
NA19472	-0.54	1.1	0.77	-0.81	-0.65	0.35
NA19473	-0.034	0.41	-1.2	0.52	0.61	0.69
NA19474	-0.46	-0.64	-0.24	-0.44	0.34	0.43
NA19625	  1	-0.65	0.1	-0.45	1.3	-0.18
NA19648	0.44	0.9	-0.72	0.54	-0.17	0.048
NA19651	0.92	-0.22	-0.78	1.3	-0.88	-0.51
NA19652	-0.078	-0.28	-1.2	0.46	0.18	-0.39
NA19654	-0.13	0.31	2.5	-2.2	0.44	1.4
NA19655	-1.4	-1.4	0.38	-1.1	0.21	-0.26
NA19657	-0.093	0.75	2.1	-0.89	0.37	1.1
NA19660	0.7	-1.1	 -2	1.1	-0.05	-1.5
NA19661	-0.33	0.39	-0.96	1.9	-0.28	0.13
NA19663	0.29	-0.76	 -1	-0.51	-0.12	-1.8
NA19664	-0.73	-0.58	-0.57	0.47	-0.22	-0.28
NA19672	-0.96	1.6	1.5	-1.5	-0.76	1.2
NA19675	-0.18	 -1	0.66	-0.17	1.1	0.15
NA19676	-0.58	0.78	1.4	-2.1	-1.1	-0.81
NA19678	0.22	-0.25	-0.24	2.4	  1	0.31
NA19679	0.21	-0.94	1.7	-0.77	0.51	-0.048
NA19681	0.59	-0.86	-2.8	2.2	0.081	-1.8
NA19682	-0.034	0.23	-0.8	-0.86	-0.82	-0.47
NA19684	-0.73	0.77	0.27	-0.37	0.15	1.1
NA19685	0.29	-0.32	-0.74	0.74	-0.26	-0.71
NA19700	-0.66	0.16	-0.69	0.34	-1.1	0.73
NA19701	0.42	-1.2	0.87	-1.3	1.1	0.037
NA19703	0.11	0.12	1.1	 -2	-0.17	0.44
NA19704	-0.81	0.55	1.3	-0.86	0.77	1.1
NA19707	-1.2	1.7	-0.84	2.5	-0.62	0.99
NA19711	-0.62	-0.11	1.6	-1.3	0.94	0.24
NA19712	0.05	0.55	-0.29	-1.3	-0.34	0.55
NA19713	-0.29	0.33	1.9	-0.21	0.62	0.85
NA19716	1.3	 -2	-0.12	-2.9	0.52	-2.6
NA19717	-0.83	0.18	0.88	1.1	1.5	0.93
NA19719	-0.014	0.13	0.076	-0.64	0.41	0.23
NA19720	-0.58	0.11	-2.1	1.2	-0.68	-0.38
NA19722	-0.34	0.23	-0.19	1.2	0.44	0.56
NA19723	-0.97	0.49	-0.71	0.58	0.11	0.34
NA19725	 -1	-0.44	0.83	-1.1	0.85	0.53
NA19726	-0.57	-0.76	-1.4	-0.71	0.45	-0.62
NA19728	0.097	0.18	0.47	-1.6	-0.25	-0.37
NA19729	1.2	-1.4	1.2	-1.2	0.94	-0.55
NA19731	-0.11	-1.1	1.4	-2.1	0.43	0.034
NA19732	0.053	0.87	0.63	-0.086	-0.61	0.62
NA19734	-1.3	0.23	-0.81	1.8	-0.083	0.94
NA19735	-0.58	0.57	-1.5	0.92	-1.4	-1.2
NA19737	-0.34	-0.068	-0.26	-1.1	-0.61	-0.48
NA19738	-0.22	0.49	-0.94	-0.27	-1.4	-0.38
NA19740	-0.56	0.33	-2.3	-0.21	-1.9	-1.1
NA19741	-0.44	-0.53	-1.8	1.1	-0.27	-0.51
NA19746	-0.42	-0.0025	-2.1	  1	-1.5	-1.2
NA19747	0.47	-0.27	1.1	-0.13	1.1	0.81
NA19749	-0.55	1.1	-0.5	2.6	-0.32	0.58
NA19750	0.05	-0.47	  1	-0.81	0.67	0.63
NA19752	0.4	0.62	-0.087	0.3	0.46	0.51
NA19753	0.31	-0.011	1.4	-0.78	0.71	0.87
NA19755	-0.081	0.44	0.15	0.69	 -1	0.75
NA19756	-0.11	0.16	0.57	1.1	-0.5	0.27
NA19758	-0.014	-1.5	-1.5	0.94	0.79	-0.66
NA19759	-1.3	1.4	0.18	0.5	-0.48	1.6
NA19761	-0.67	1.2	1.5	-1.1	0.043	1.1
NA19762	0.14	-0.31	3.7	-2.6	1.8	1.7
NA19764	-1.8	0.96	-1.1	0.88	-1.6	0.34
NA19770	0.33	-0.73	-1.5	0.13	0.056	-1.3
NA19771	0.41	-0.36	-0.48	0.92	0.23	0.063
NA19773	0.55	-0.86	0.063	-0.37	0.53	-0.2
NA19774	-0.62	0.47	-0.98	0.89	 -1	-0.52
NA19776	0.56	0.48	-0.74	-0.44	-0.94	-0.22
NA19777	-0.17	0.12	  1	-2.6	0.18	0.51
NA19779	0.16	0.88	-0.21	0.27	-0.83	-0.17
NA19780	0.89	-0.41	0.034	0.65	0.28	-1.1
NA19782	-0.27	-1.2	-1.4	0.52	0.72	-0.26
NA19783	0.26	-0.49	0.85	-0.17	1.9	0.23
NA19785	-1.2	-0.79	0.48	0.049	-0.64	-0.16
NA19786	0.027	0.99	-0.7	0.73	-0.87	-0.13
NA19788	0.25	-0.068	0.83	-1.5	-0.71	0.14
NA19789	-1.2	1.3	0.5	-2.4	-1.3	0.69
NA19794	-0.044	0.37	-0.061	0.27	0.23	0.39
NA19795	-0.09	-0.19	-0.02	-2.2	-0.23	-0.6
NA19818	-0.41	0.93	-2.7	1.8	-0.62	0.055
NA19819	-0.7	1.1	 -1	-1.9	-0.82	0.02
NA19834	-0.093	0.11	-1.5	0.29	-0.77	-0.98
NA19835	-0.45	-0.43	-1.1	-0.15	-0.87	-0.3
NA19900	0.17	-0.48	-0.91	1.4	-0.96	-1.1
NA19901	-0.1	1.3	0.78	-1.1	-0.78	1.8
NA19904	-0.45	-0.038	-0.056	0.82	-0.13	0.37
NA19908	-0.78	-0.66	-1.2	1.6	-0.67	-0.47
NA19909	0.83	-0.75	1.7	-2.5	0.61	-0.67
NA19914	1.1	0.4	1.1	-0.37	0.52	0.12
NA19916	 -1	0.94	-0.7	-0.18	-1.8	0.072
NA19917	0.1	-0.45	-0.1	-2.2	-0.45	-2.1
NA19920	0.52	-1.1	0.35	-0.24	0.71	-0.36
NA19921	-0.51	0.38	-0.88	-1.7	-1.8	-0.9
NA19922	0.26	0.13	-0.16	0.67	0.27	0.38
NA19923	0.38	-1.4	-0.82	0.62	0.6	-0.86
NA19982	-0.12	0.1	  1	-2.1	0.28	0.19
NA19984	0.072	-0.3	-1.4	0.066	-0.76	-1.9
NA19985	-1.3	0.35	1.4	-0.29	-0.77	0.5
NA20126	-0.89	1.8	0.092	2.2	-0.81	0.25
NA20127	-0.35	-0.91	0.8	-2.7	1.5	-0.11
NA20276	-0.19	-1.3	-0.73	1.8	0.79	-0.047
NA20278	0.65	-1.5	1.6	0.79	1.2	-0.38
NA20281	-0.58	0.83	-0.023	0.43	0.28	0.67
NA20282	0.58	0.038	1.3	-1.8	0.36	0.38
NA20287	-0.1	-0.44	1.7	-0.86	0.32	0.22
NA20289	0.97	-2.5	0.47	-0.66	1.4	-1.8
NA20291	0.15	-1.1	-1.5	1.2	0.15	-0.57
NA20294	-0.15	-0.12	0.035	0.28	0.43	0.84
NA20296	-0.24	-0.38	-0.25	0.47	0.71	-0.66
NA20298	-0.6	-0.023	0.33	-0.5	0.61	0.71
NA20299	0.097	-0.6	-0.53	-0.19	0.39	-0.37
NA20314	-0.63	-0.11	-0.35	2.6	0.94	-0.29
NA20317	0.45	0.83	  2	-1.5	0.085	0.29
NA20322	-0.62	1.1	0.062	0.42	-1.2	1.5
NA20332	-0.52	-0.18	0.27	2.5	-0.2	-0.053
NA20334	-0.37	0.64	-1.5	0.95	-0.39	0.14
NA20336	-0.68	0.37	0.63	-2.2	-0.79	-0.69
NA20339	-0.16	0.14	2.3	0.45	2.5	1.4
NA20340	-0.3	0.6	0.56	0.18	0.027	-0.18
NA20341	0.38	-0.77	0.99	-2.1	-0.39	-0.15
NA20342	0.32	-0.33	-0.14	0.078	0.34	-0.53
NA20344	0.34	-1.1	-0.7	-0.86	-0.34	-0.87
NA20346	-1.9	1.7	0.99	0.42	-0.38	1.5
NA20348	-0.16	-0.72	0.38	1.1	0.65	-0.15
NA20351	0.36	-1.6	-0.81	-0.36	0.74	-0.031
NA20356	-0.14	-1.4	-0.14	-2.7	  1	-0.25
NA20357	0.32	0.63	0.62	1.1	0.31	1.5
NA20359	0.25	0.11	-2.1	3.1	-0.44	-0.78
NA20363	0.041	0.96	1.2	-1.6	-0.41	0.93
NA20412	-0.42	0.46	-1.7	0.03	-1.1	-0.4
NA20414	-0.89	0.37	0.93	-1.1	-1.1	-0.12
NA20502	0.34	0.025	0.37	0.35	0.56	1.1
NA20503	0.49	0.25	-1.4	3.5	-0.39	0.29
NA20504	-0.016	-1.6	-1.1	-0.1	0.4	-1.2
NA20505	0.3	-0.79	-2.1	3.1	-0.37	-1.1
NA20506	-0.94	0.15	-0.13	-1.6	-0.54	-0.072
NA20507	-0.046	0.17	-0.73	0.81	0.069	-0.83
NA20508	-0.04	-0.29	1.4	0.23	1.5	1.5
NA20509	-0.53	-0.16	-0.55	-0.25	-1.4	-1.1
NA20510	0.18	0.079	0.47	-0.019	0.58	0.57
NA20512	  1	-1.3	-0.35	1.9	1.3	-0.45
NA20513	-0.9	1.1	0.95	-1.8	-1.1	0.94
NA20515	-0.61	-0.26	0.23	1.3	0.5	0.1
NA20516	-0.33	-0.72	1.2	-2.8	0.52	-0.5
NA20517	-0.3	0.66	-1.1	  2	-0.34	0.66
NA20518	0.57	-0.43	1.6	-3.1	-0.69	-0.85
NA20519	-0.29	0.55	-1.4	2.4	0.16	0.66
NA20520	0.31	0.037	1.5	-1.8	0.3	0.18
NA20521	-0.54	0.28	-0.6	0.26	-0.66	0.062
NA20522	0.9	0.11	0.52	-0.92	0.72	-0.53
NA20524	-0.48	1.3	3.7	-4.2	-0.046	1.2
NA20525	  1	-1.4	-0.71	-1.9	0.81	-0.73
NA20527	-0.52	0.53	-0.54	1.5	-0.67	0.62
NA20528	-0.094	0.79	-0.46	-0.0075	-0.7	0.26
NA20529	-0.11	0.64	  2	-2.3	-0.71	0.55
NA20530	0.1	-0.19	2.7	-1.2	1.4	0.78
NA20531	1.1	-1.5	-1.7	2.7	0.31	-1.1
NA20532	-0.68	0.8	0.79	1.1	-0.44	1.5
NA20533	-0.14	0.31	-1.1	0.62	-0.31	-0.33
NA20534	-0.057	0.48	1.6	-2.3	0.32	0.94
NA20535	-0.27	0.45	0.64	-2.5	-1.2	-0.41
NA20536	0.046	-0.13	0.015	-0.5	0.43	-0.7
NA20537	-0.43	0.45	0.26	0.89	0.077	0.33
NA20538	-0.66	-0.48	-1.2	  1	0.13	-0.18
NA20539	0.29	-0.56	-1.5	-1.5	-0.6	-1.1
NA20540	0.14	-0.31	1.7	-1.7	0.71	-0.12
NA20541	-0.84	0.88	-1.9	3.2	-1.2	0.46
NA20542	-0.014	0.045	2.5	 -2	0.12	0.32
NA20543	1.4	-0.84	-0.4	-0.57	0.82	-0.7
NA20544	1.2	-0.061	-0.35	1.4	0.92	-0.0028
NA20581	-0.21	0.68	-2.4	0.26	-1.8	-1.2
NA20582	0.81	-1.4	0.043	2.4	1.4	-0.21
NA20585	-0.068	-0.16	1.3	0.21	1.4	  1
NA20586	-0.22	0.18	-0.71	-0.38	-0.21	0.69
NA20588	-0.73	-0.48	-0.82	2.2	0.35	-0.088
NA20589	-0.92	1.5	-0.93	2.3	-0.15	1.3
NA20752	-0.33	0.13	  2	-1.3	0.69	0.9
NA20753	0.36	0.6	1.6	-2.8	-0.52	-0.041
NA20754	0.41	-0.56	-1.1	-0.97	-0.22	-0.82
NA20755	-0.34	-0.61	-1.5	-0.36	-0.87	-1.3
NA20756	-0.37	0.49	 -2	0.9	-1.3	-0.78
NA20757	-0.22	-1.3	0.4	0.54	0.44	-1.1
NA20758	0.096	-0.24	-1.9	-0.15	-0.88	-1.6
NA20759	0.15	-1.8	-1.2	1.9	0.76	-0.48
NA20760	-0.29	-0.34	-0.074	0.2	0.38	0.71
NA20761	0.27	0.093	 -1	1.3	-0.48	-0.45
NA20765	0.23	-0.63	-1.5	1.1	-0.15	-0.74
NA20766	-0.16	-0.22	-0.32	-0.41	-0.075	-0.019
NA20768	-0.71	0.39	-0.36	1.2	-0.61	0.88
NA20769	-0.5	-0.19	-0.69	1.1	0.25	0.099
NA20770	-0.072	-0.46	0.52	-0.23	-0.19	-0.91
NA20771	-0.017	0.18	-0.66	1.4	0.072	-0.84
NA20772	-0.45	1.7	-0.027	-1.1	-2.1	0.41
NA20773	0.11	-0.89	-0.4	-1.3	-0.36	-0.38
NA20774	-0.42	0.65	-1.1	-1.7	-1.6	-0.94
NA20775	0.76	-0.53	2.7	-1.2	0.098	-0.29
NA20778	0.64	-0.99	0.47	-1.6	0.69	-0.68
NA20783	0.37	-0.28	1.1	-0.3	-0.065	-0.67
NA20785	0.49	0.12	  2	-2.2	1.2	0.82
NA20786	0.22	1.4	-1.1	-0.52	-2.2	-0.64
NA20787	-0.53	0.2	-2.7	2.2	-2.1	-0.59
NA20790	-0.26	-0.45	-2.9	0.66	-0.46	-0.84
NA20792	-0.14	-0.54	-0.2	0.7	0.29	-0.82
NA20795	 -1	-0.69	-0.3	-1.3	-0.72	-0.31
NA20796	0.62	-0.26	0.91	-1.2	0.29	-0.77
NA20797	0.15	0.73	0.37	-0.59	-0.83	0.61
NA20798	0.11	 -1	-0.5	-1.1	0.98	-0.32
NA20799	0.44	-0.48	1.6	-0.81	1.5	0.68
NA20800	-0.23	0.13	1.2	-2.7	 -1	-0.57
NA20801	-1.2	0.84	0.78	-0.93	0.15	1.6
NA20802	-0.38	0.1	-0.49	1.8	-0.81	-0.69
NA20803	0.013	-1.1	-0.73	-0.31	0.97	-0.22
NA20804	0.61	-0.64	0.58	1.4	1.1	0.16
NA20805	0.31	1.5	-1.9	0.65	-1.1	0.16
NA20806	0.13	0.049	1.3	-2.5	0.86	0.75
NA20807	0.53	-0.028	0.16	0.51	0.57	0.75
NA20808	-0.6	-0.093	-0.69	0.97	0.61	0.29
NA20809	-0.29	-0.22	0.44	-0.33	0.21	0.83
NA20810	0.22	-0.16	1.5	-0.72	0.14	-0.56
NA20811	-0.32	0.31	1.7	-0.61	0.37	0.42
NA20812	-1.3	1.3	-1.1	1.5	-1.4	1.1
NA20813	0.32	-0.31	-0.13	1.1	0.55	-0.25
NA20814	1.2	0.49	0.86	-0.59	0.51	0.29
NA20815	-0.28	0.25	-1.3	2.7	-0.19	0.36
NA20816	0.94	-0.12	1.2	-0.5	-0.27	0.71
NA20818	0.5	 -1	-0.83	1.9	1.7	0.16
NA20819	-0.79	1.8	0.89	-0.28	-0.52	1.4
NA20826	-0.45	0.66	0.52	-0.46	-0.78	0.26
NA20828	1.1	-1.6	  1	-0.27	1.3	-0.26
